<
OR{0}(1)
  TILE{45}(0 ← 2236201208, 2)
   ⤷ NOOP
  [[255 255 255   0   0   0   0   0]
 [255 255 255   0 255   0 255   0]
 [255   0 255   0 255 255   0 255]
 [255   0   0   0   0   0 255   0]
 [  0   0 255   0   0 255 255   0]
 [255   0 255   0   0   0 255 255]
 [  0   0   0   0   0   0   0   0]
 [255   0 255   0   0   0 255   0]]
OR{130}(1)
  TILE{45}(0 ← 2236201208, 2 ← 1631114101)
   ⤷ NOOP
  [[  0   0 255 255 255 255   0 255]
 [255 255 255 255 255 255 255 255]
 [255 255 255 255 255 255   0 255]
 [255 255   0 255 255 255 255 255]
 [  0   0 255 255   0   0   0 255]
 [  0 255 255 255 255 255 255   0]
 [255 255 255 255 255   0 255 255]
 [255 255 255   0 255 255   0 255]]
>