<
OR{0}(0)
  SCALE{51}(1, 2 ← 750567583)
   ⤷ NOOP
  [[  0 255 255   0   0   0 255   0]
 [255   0 255 255   0 255   0 255]
 [255   0 255 255   0 255   0   0]
 [  0 255 255   0 255 255   0   0]
 [255   0 255   0   0   0 255   0]
 [  0 255   0   0 255 255   0 255]
 [255 255   0 255 255   0   0 255]
 [255   0 255   0   0 255 255   0]]
OR{123}(0)
  SCALE{51}(1 ← 578268903, 2 ← 907195867)
   ⤷ NOOP
XOR{50}(2)
  TILE{52}(3, 2)
   ⤷ NOOP
  [[255   0   0   0 255   0   0 255]
 [255 255   0 255   0 255 255 255]
 [  0 255 255 255   0 255 255 255]
 [  0 255 255   0 255 255   0 255]
 [255   0   0   0 255 255   0   0]
 [  0 255   0 255 255 255 255 255]
 [255 255   0   0 255 255 255 255]
 [255   0 255 255 255   0 255   0]]
>