<
OR{0}(3)
  TILE{64}(3 ← 931310576, 1 ← 2082061789)
   ⤷ NOOP
OR{191}(3)
  TILE{64}(3 ← 931310576, 1)
   ⤷ NOOP
  [[  0 255 255 255 255   0 255   0]
 [  0   0   0 255   0 255 255   0]
 [  0 255 255   0 255 255 255   0]
 [255   0 255   0   0 255   0 255]
 [255   0   0 255   0 255 255   0]
 [  0   0   0   0   0 255   0   0]
 [  0   0 255 255 255   0 255   0]
 [  0 255 255 255 255   0   0   0]]
OR{196}(3)
  TILE{64}(3 ← 931310576, 1)
   ⤷ NOOP
  [[  0 255 255 255 255   0 255   0]
 [  0   0   0 255   0 255 255   0]
 [  0 255 255   0 255 255 255   0]
 [255   0 255   0   0 255   0 255]
 [255   0   0 255   0 255 255   0]
 [  0   0   0   0   0 255   0   0]
 [  0   0 255 255 255   0 255   0]
 [  0 255 255 255 255   0   0   0]]
>