<
OR{0}(0)
  TRANSLATE{24}(2, 3)
   ⤷ SCALE{25}(0 ← 468085336, 2 ← 134587689)
  [[255   0 255   0   0 255 255 255]
 [  0 255 255 255 255 255 255 255]
 [255   0   0   0 255 255 255 255]
 [255   0 255 255 255 255 255   0]
 [  0   0 255 255 255   0   0 255]
 [  0 255   0 255 255 255 255 255]
 [  0 255 255 255 255 255 255 255]
 [  0 255 255   0 255 255 255 255]]
OR{193}(0)
  TRANSLATE{24}(2, 1)
   ⤷ SCALE{25}(0 ← 468085336, 2 ← 134587689)
  [[255 255 255 255   0   0 255   0]
 [255 255 255 255   0 255 255   0]
 [255 255 255 255   0 255 255 255]
 [  0   0 255 255   0   0   0 255]
 [255 255 255 255 255   0 255 255]
 [  0 255 255 255   0   0 255 255]
 [255   0 255 255 255 255   0 255]
 [255 255 255 255 255   0   0   0]]
>