<
OR{0}(3)
  MIRROR{109}(2 ← 1012867163, 2 ← 450459178)
   ⤷ NOOP
  [[  0   0 255 255 255 255 255 255]
 [  0   0   0   0 255 255 255 255]
 [  0   0 255   0   0   0 255 255]
 [  0   0   0 255 255 255 255 255]
 [  0 255 255   0   0   0 255 255]
 [255   0 255   0 255   0   0   0]
 [  0 255   0 255 255 255 255   0]
 [  0 255   0 255   0 255   0 255]]
OR{110}(3)
  MIRROR{109}(2 ← 1012867163, 1 ← 450459178)
   ⤷ NOOP
  [[255 255 255 255 255 255 255 255]
 [255 255 255 255 255 255   0 255]
 [  0 255   0 255 255 255 255 255]
 [  0 255 255 255 255   0   0 255]
 [  0 255   0   0   0 255   0   0]
 [  0   0 255 255 255 255   0   0]
 [  0   0   0 255 255 255   0   0]
 [255 255   0 255   0   0 255   0]]
>