<
OR{0}(3)
  TILE{112}(3 ← 754685980, 2 ← 97396334)
   ⤷ TRANSLATE{113}(0, 3)
  [[255   0   0   0 255   0   0   0]
 [  0   0   0   0   0   0 255 255]
 [  0 255   0   0   0   0   0   0]
 [  0   0   0   0 255   0   0   0]
 [  0   0   0   0   0   0   0   0]
 [255 255   0   0   0   0 255   0]
 [  0   0   0 255   0   0   0 255]
 [  0   0   0   0 255 255   0   0]]
OR{111}(1)
  ROTATE{114}(0, 2)
   ⤷ QUARTER{115}(2, 2)
  [[255 255   0   0 255   0 255 255]
 [255 255 255   0 255 255 255 255]
 [  0   0 255 255   0 255   0 255]
 [  0   0   0 255   0   0 255   0]
 [  0 255   0   0   0 255 255 255]
 [  0   0   0   0 255   0   0 255]
 [  0 255 255   0 255   0 255 255]
 [  0 255 255 255 255   0   0   0]]
>