<
OR{0}(1)
  TILE{139}(0, 2)
   ⤷ SCALE{140}(1, 3 ← 489620632), ROTATE{108}(1, 1), FLIP{92}(2 ← 312445297, 2)
  [[255   0   0   0   0   0   0 255]
 [  0   0   0   0   0   0   0 255]
 [  0 255   0   0 255   0   0 255]
 [255   0   0   0 255 255   0   0]
 [255 255 255   0   0   0   0   0]
 [  0 255 255   0 255   0 255 255]
 [255   0 255   0 255 255   0   0]
 [255 255   0 255 255   0   0 255]]
OR{190}(1)
  TILE{139}(0, 2)
   ⤷ CROP{140}(1, 3), ROTATE{108}(1, 1 ← 209990219), FLIP{92}(2, 2)
  [[255   0   0   0   0   0   0 255]
 [  0   0   0   0   0   0   0 255]
 [  0 255   0   0 255   0   0 255]
 [255   0   0   0 255 255   0   0]
 [255 255 255   0   0   0   0   0]
 [  0 255 255   0 255   0 255 255]
 [255   0 255   0 255 255   0   0]
 [255 255   0 255 255   0   0 255]]
>